[[  1.57673275e-13   1.55732056e-13   1.49956196e-13   1.40487917e-13
    1.27560359e-13   1.11491842e-13   9.26780260e-14   7.15821691e-14
    4.87237217e-14   2.46655345e-14   9.65470360e-30  -2.46655345e-14
   -4.87237217e-14  -7.15821691e-14  -9.26780260e-14  -1.11491842e-13
   -1.27560359e-13  -1.40487917e-13  -1.49956196e-13  -1.55732056e-13
   -1.57673275e-13  -1.55732056e-13  -1.49956196e-13  -1.40487917e-13
   -1.27560359e-13  -1.11491842e-13  -9.26780260e-14  -7.15821691e-14
   -4.87237217e-14  -2.46655345e-14  -2.89641108e-29   2.46655345e-14
    4.87237217e-14   7.15821691e-14   9.26780260e-14   1.11491842e-13
    1.27560359e-13   1.40487917e-13   1.49956196e-13   1.55732056e-13
    1.57673275e-13   1.55732056e-13]
 [  4.47144057e+02   4.41638972e+02   4.25259270e+02   3.98408272e+02
    3.61747141e+02   3.16178595e+02   2.62824683e+02   2.02999154e+02
    1.38175113e+02   6.99487414e+01   2.73796769e-14  -6.99487414e+01
   -1.38175113e+02  -2.02999154e+02  -2.62824683e+02  -3.16178595e+02
   -3.61747141e+02  -3.98408272e+02  -4.25259270e+02  -4.41638972e+02
   -4.47144057e+02  -4.41638972e+02  -4.25259270e+02  -3.98408272e+02
   -3.61747141e+02  -3.16178595e+02  -2.62824683e+02  -2.02999154e+02
   -1.38175113e+02  -6.99487414e+01  -8.21390308e-14   6.99487414e+01
    1.38175113e+02   2.02999154e+02   2.62824683e+02   3.16178595e+02
    3.61747141e+02   3.98408272e+02   4.25259270e+02   4.41638972e+02
    4.47144057e+02   4.41638972e+02]
 [  8.80701869e+02   8.69858968e+02   8.37597251e+02   7.84711111e+02
    7.12502779e+02   6.22750264e+02   5.17663570e+02   3.99830282e+02
    2.72151845e+02   1.37772126e+02   5.39274362e-14  -1.37772126e+02
   -2.72151845e+02  -3.99830282e+02  -5.17663570e+02  -6.22750264e+02
   -7.12502779e+02  -7.84711111e+02  -8.37597251e+02  -8.69858968e+02
   -8.80701869e+02  -8.69858968e+02  -8.37597251e+02  -7.84711111e+02
   -7.12502779e+02  -6.22750264e+02  -5.17663570e+02  -3.99830282e+02
   -2.72151845e+02  -1.37772126e+02  -1.61782309e-13   1.37772126e+02
    2.72151845e+02   3.99830282e+02   5.17663570e+02   6.22750264e+02
    7.12502779e+02   7.84711111e+02   8.37597251e+02   8.69858968e+02
    8.80701869e+02   8.69858968e+02]
 [  1.28750000e+03   1.27164874e+03   1.22448526e+03   1.14717090e+03
    1.04160938e+03   9.10399981e+02   7.56773512e+02   5.84512768e+02
    3.97859380e+02   2.01409374e+02   7.88366377e-14  -2.01409374e+02
   -3.97859380e+02  -5.84512768e+02  -7.56773512e+02  -9.10399981e+02
   -1.04160938e+03  -1.14717090e+03  -1.22448526e+03  -1.27164874e+03
   -1.28750000e+03  -1.27164874e+03  -1.22448526e+03  -1.14717090e+03
   -1.04160938e+03  -9.10399981e+02  -7.56773512e+02  -5.84512768e+02
   -3.97859380e+02  -2.01409374e+02  -2.36509913e-13   2.01409374e+02
    3.97859380e+02   5.84512768e+02   7.56773512e+02   9.10399981e+02
    1.04160938e+03   1.14717090e+03   1.22448526e+03   1.27164874e+03
    1.28750000e+03   1.27164874e+03]
 [  1.65517809e+03   1.63480011e+03   1.57416791e+03   1.47477448e+03
    1.33906721e+03   1.17038766e+03   9.72889274e+02   7.51435130e+02
    5.11478160e+02   2.58926900e+02   1.01350428e-13  -2.58926900e+02
   -5.11478160e+02  -7.51435130e+02  -9.72889274e+02  -1.17038766e+03
   -1.33906721e+03  -1.47477448e+03  -1.57416791e+03  -1.63480011e+03
   -1.65517809e+03  -1.63480011e+03  -1.57416791e+03  -1.47477448e+03
   -1.33906721e+03  -1.17038766e+03  -9.72889274e+02  -7.51435130e+02
   -5.11478160e+02  -2.58926900e+02  -3.04051283e-13   2.58926900e+02
    5.11478160e+02   7.51435130e+02   9.72889274e+02   1.17038766e+03
    1.33906721e+03   1.47477448e+03   1.57416791e+03   1.63480011e+03
    1.65517809e+03   1.63480011e+03]
 [  1.97256444e+03   1.94827890e+03   1.87602027e+03   1.75756779e+03
    1.59583816e+03   1.39481369e+03   1.15944429e+03   8.95525516e+02
    6.09555935e+02   3.08577063e+02   1.20784736e-13  -3.08577063e+02
   -6.09555935e+02  -8.95525516e+02  -1.15944429e+03  -1.39481369e+03
   -1.59583816e+03  -1.75756779e+03  -1.87602027e+03  -1.94827890e+03
   -1.97256444e+03  -1.94827890e+03  -1.87602027e+03  -1.75756779e+03
   -1.59583816e+03  -1.39481369e+03  -1.15944429e+03  -8.95525516e+02
   -6.09555935e+02  -3.08577063e+02  -3.62354209e-13   3.08577063e+02
    6.09555935e+02   8.95525516e+02   1.15944429e+03   1.39481369e+03
    1.59583816e+03   1.75756779e+03   1.87602027e+03   1.94827890e+03
    1.97256444e+03   1.94827890e+03]
 [  2.23001541e+03   2.20256022e+03   2.12087069e+03   1.98695828e+03
    1.80412037e+03   1.57685902e+03   1.31077017e+03   1.01240581e+03
    6.89112661e+02   3.48851268e+02   1.36549062e-13  -3.48851268e+02
   -6.89112661e+02  -1.01240581e+03  -1.31077017e+03  -1.57685902e+03
   -1.80412037e+03  -1.98695828e+03  -2.12087069e+03  -2.20256022e+03
   -2.23001541e+03  -2.20256022e+03  -2.12087069e+03  -1.98695828e+03
   -1.80412037e+03  -1.57685902e+03  -1.31077017e+03  -1.01240581e+03
   -6.89112661e+02  -3.48851268e+02  -4.09647186e-13   3.48851268e+02
    6.89112661e+02   1.01240581e+03   1.31077017e+03   1.57685902e+03
    1.80412037e+03   1.98695828e+03   2.12087069e+03   2.20256022e+03
    2.23001541e+03   2.20256022e+03]
 [  2.41970850e+03   2.38991787e+03   2.30127954e+03   2.15597606e+03
    1.95758530e+03   1.71099229e+03   1.42226897e+03   1.09852467e+03
    7.47731047e+02   3.78525805e+02   1.48164413e-13  -3.78525805e+02
   -7.47731047e+02  -1.09852467e+03  -1.42226897e+03  -1.71099229e+03
   -1.95758530e+03  -2.15597606e+03  -2.30127954e+03  -2.38991787e+03
   -2.41970850e+03  -2.38991787e+03  -2.30127954e+03  -2.15597606e+03
   -1.95758530e+03  -1.71099229e+03  -1.42226897e+03  -1.09852467e+03
   -7.47731047e+02  -3.78525805e+02  -4.44493240e-13   3.78525805e+02
    7.47731047e+02   1.09852467e+03   1.42226897e+03   1.71099229e+03
    1.95758530e+03   2.15597606e+03   2.30127954e+03   2.38991787e+03
    2.41970850e+03   2.38991787e+03]
 [  2.53587996e+03   2.50465907e+03   2.41176516e+03   2.25948559e+03
    2.05156999e+03   1.79313792e+03   1.49055284e+03   1.15126541e+03
    7.83630005e+02   3.96699026e+02   1.55277864e-13  -3.96699026e+02
   -7.83630005e+02  -1.15126541e+03  -1.49055284e+03  -1.79313792e+03
   -2.05156999e+03  -2.25948559e+03  -2.41176516e+03  -2.50465907e+03
   -2.53587996e+03  -2.50465907e+03  -2.41176516e+03  -2.25948559e+03
   -2.05156999e+03  -1.79313792e+03  -1.49055284e+03  -1.15126541e+03
   -7.83630005e+02  -3.96699026e+02  -4.65833592e-13   3.96699026e+02
    7.83630005e+02   1.15126541e+03   1.49055284e+03   1.79313792e+03
    2.05156999e+03   2.25948559e+03   2.41176516e+03   2.50465907e+03
    2.53587996e+03   2.50465907e+03]
 [  2.57500000e+03   2.54329748e+03   2.44897053e+03   2.29434180e+03
    2.08321876e+03   1.82079996e+03   1.51354702e+03   1.16902554e+03
    7.95718761e+02   4.02818747e+02   1.57673275e-13  -4.02818747e+02
   -7.95718761e+02  -1.16902554e+03  -1.51354702e+03  -1.82079996e+03
   -2.08321876e+03  -2.29434180e+03  -2.44897053e+03  -2.54329748e+03
   -2.57500000e+03  -2.54329748e+03  -2.44897053e+03  -2.29434180e+03
   -2.08321876e+03  -1.82079996e+03  -1.51354702e+03  -1.16902554e+03
   -7.95718761e+02  -4.02818747e+02  -4.73019826e-13   4.02818747e+02
    7.95718761e+02   1.16902554e+03   1.51354702e+03   1.82079996e+03
    2.08321876e+03   2.29434180e+03   2.44897053e+03   2.54329748e+03
    2.57500000e+03   2.54329748e+03]
 [  2.53587996e+03   2.50465907e+03   2.41176516e+03   2.25948559e+03
    2.05156999e+03   1.79313792e+03   1.49055284e+03   1.15126541e+03
    7.83630005e+02   3.96699026e+02   1.55277864e-13  -3.96699026e+02
   -7.83630005e+02  -1.15126541e+03  -1.49055284e+03  -1.79313792e+03
   -2.05156999e+03  -2.25948559e+03  -2.41176516e+03  -2.50465907e+03
   -2.53587996e+03  -2.50465907e+03  -2.41176516e+03  -2.25948559e+03
   -2.05156999e+03  -1.79313792e+03  -1.49055284e+03  -1.15126541e+03
   -7.83630005e+02  -3.96699026e+02  -4.65833592e-13   3.96699026e+02
    7.83630005e+02   1.15126541e+03   1.49055284e+03   1.79313792e+03
    2.05156999e+03   2.25948559e+03   2.41176516e+03   2.50465907e+03
    2.53587996e+03   2.50465907e+03]
 [  2.41970850e+03   2.38991787e+03   2.30127954e+03   2.15597606e+03
    1.95758530e+03   1.71099229e+03   1.42226897e+03   1.09852467e+03
    7.47731047e+02   3.78525805e+02   1.48164413e-13  -3.78525805e+02
   -7.47731047e+02  -1.09852467e+03  -1.42226897e+03  -1.71099229e+03
   -1.95758530e+03  -2.15597606e+03  -2.30127954e+03  -2.38991787e+03
   -2.41970850e+03  -2.38991787e+03  -2.30127954e+03  -2.15597606e+03
   -1.95758530e+03  -1.71099229e+03  -1.42226897e+03  -1.09852467e+03
   -7.47731047e+02  -3.78525805e+02  -4.44493240e-13   3.78525805e+02
    7.47731047e+02   1.09852467e+03   1.42226897e+03   1.71099229e+03
    1.95758530e+03   2.15597606e+03   2.30127954e+03   2.38991787e+03
    2.41970850e+03   2.38991787e+03]
 [  2.23001541e+03   2.20256022e+03   2.12087069e+03   1.98695828e+03
    1.80412037e+03   1.57685902e+03   1.31077017e+03   1.01240581e+03
    6.89112661e+02   3.48851268e+02   1.36549062e-13  -3.48851268e+02
   -6.89112661e+02  -1.01240581e+03  -1.31077017e+03  -1.57685902e+03
   -1.80412037e+03  -1.98695828e+03  -2.12087069e+03  -2.20256022e+03
   -2.23001541e+03  -2.20256022e+03  -2.12087069e+03  -1.98695828e+03
   -1.80412037e+03  -1.57685902e+03  -1.31077017e+03  -1.01240581e+03
   -6.89112661e+02  -3.48851268e+02  -4.09647186e-13   3.48851268e+02
    6.89112661e+02   1.01240581e+03   1.31077017e+03   1.57685902e+03
    1.80412037e+03   1.98695828e+03   2.12087069e+03   2.20256022e+03
    2.23001541e+03   2.20256022e+03]
 [  1.97256444e+03   1.94827890e+03   1.87602027e+03   1.75756779e+03
    1.59583816e+03   1.39481369e+03   1.15944429e+03   8.95525516e+02
    6.09555935e+02   3.08577063e+02   1.20784736e-13  -3.08577063e+02
   -6.09555935e+02  -8.95525516e+02  -1.15944429e+03  -1.39481369e+03
   -1.59583816e+03  -1.75756779e+03  -1.87602027e+03  -1.94827890e+03
   -1.97256444e+03  -1.94827890e+03  -1.87602027e+03  -1.75756779e+03
   -1.59583816e+03  -1.39481369e+03  -1.15944429e+03  -8.95525516e+02
   -6.09555935e+02  -3.08577063e+02  -3.62354209e-13   3.08577063e+02
    6.09555935e+02   8.95525516e+02   1.15944429e+03   1.39481369e+03
    1.59583816e+03   1.75756779e+03   1.87602027e+03   1.94827890e+03
    1.97256444e+03   1.94827890e+03]
 [  1.65517809e+03   1.63480011e+03   1.57416791e+03   1.47477448e+03
    1.33906721e+03   1.17038766e+03   9.72889274e+02   7.51435130e+02
    5.11478160e+02   2.58926900e+02   1.01350428e-13  -2.58926900e+02
   -5.11478160e+02  -7.51435130e+02  -9.72889274e+02  -1.17038766e+03
   -1.33906721e+03  -1.47477448e+03  -1.57416791e+03  -1.63480011e+03
   -1.65517809e+03  -1.63480011e+03  -1.57416791e+03  -1.47477448e+03
   -1.33906721e+03  -1.17038766e+03  -9.72889274e+02  -7.51435130e+02
   -5.11478160e+02  -2.58926900e+02  -3.04051283e-13   2.58926900e+02
    5.11478160e+02   7.51435130e+02   9.72889274e+02   1.17038766e+03
    1.33906721e+03   1.47477448e+03   1.57416791e+03   1.63480011e+03
    1.65517809e+03   1.63480011e+03]
 [  1.28750000e+03   1.27164874e+03   1.22448526e+03   1.14717090e+03
    1.04160938e+03   9.10399981e+02   7.56773512e+02   5.84512768e+02
    3.97859380e+02   2.01409374e+02   7.88366377e-14  -2.01409374e+02
   -3.97859380e+02  -5.84512768e+02  -7.56773512e+02  -9.10399981e+02
   -1.04160938e+03  -1.14717090e+03  -1.22448526e+03  -1.27164874e+03
   -1.28750000e+03  -1.27164874e+03  -1.22448526e+03  -1.14717090e+03
   -1.04160938e+03  -9.10399981e+02  -7.56773512e+02  -5.84512768e+02
   -3.97859380e+02  -2.01409374e+02  -2.36509913e-13   2.01409374e+02
    3.97859380e+02   5.84512768e+02   7.56773512e+02   9.10399981e+02
    1.04160938e+03   1.14717090e+03   1.22448526e+03   1.27164874e+03
    1.28750000e+03   1.27164874e+03]
 [  8.80701869e+02   8.69858968e+02   8.37597251e+02   7.84711111e+02
    7.12502779e+02   6.22750264e+02   5.17663570e+02   3.99830282e+02
    2.72151845e+02   1.37772126e+02   5.39274362e-14  -1.37772126e+02
   -2.72151845e+02  -3.99830282e+02  -5.17663570e+02  -6.22750264e+02
   -7.12502779e+02  -7.84711111e+02  -8.37597251e+02  -8.69858968e+02
   -8.80701869e+02  -8.69858968e+02  -8.37597251e+02  -7.84711111e+02
   -7.12502779e+02  -6.22750264e+02  -5.17663570e+02  -3.99830282e+02
   -2.72151845e+02  -1.37772126e+02  -1.61782309e-13   1.37772126e+02
    2.72151845e+02   3.99830282e+02   5.17663570e+02   6.22750264e+02
    7.12502779e+02   7.84711111e+02   8.37597251e+02   8.69858968e+02
    8.80701869e+02   8.69858968e+02]
 [  4.47144057e+02   4.41638972e+02   4.25259270e+02   3.98408272e+02
    3.61747141e+02   3.16178595e+02   2.62824683e+02   2.02999154e+02
    1.38175113e+02   6.99487414e+01   2.73796769e-14  -6.99487414e+01
   -1.38175113e+02  -2.02999154e+02  -2.62824683e+02  -3.16178595e+02
   -3.61747141e+02  -3.98408272e+02  -4.25259270e+02  -4.41638972e+02
   -4.47144057e+02  -4.41638972e+02  -4.25259270e+02  -3.98408272e+02
   -3.61747141e+02  -3.16178595e+02  -2.62824683e+02  -2.02999154e+02
   -1.38175113e+02  -6.99487414e+01  -8.21390308e-14   6.99487414e+01
    1.38175113e+02   2.02999154e+02   2.62824683e+02   3.16178595e+02
    3.61747141e+02   3.98408272e+02   4.25259270e+02   4.41638972e+02
    4.47144057e+02   4.41638972e+02]
 [  1.57673275e-13   1.55732056e-13   1.49956196e-13   1.40487917e-13
    1.27560359e-13   1.11491842e-13   9.26780260e-14   7.15821691e-14
    4.87237217e-14   2.46655345e-14   9.65470360e-30  -2.46655345e-14
   -4.87237217e-14  -7.15821691e-14  -9.26780260e-14  -1.11491842e-13
   -1.27560359e-13  -1.40487917e-13  -1.49956196e-13  -1.55732056e-13
   -1.57673275e-13  -1.55732056e-13  -1.49956196e-13  -1.40487917e-13
   -1.27560359e-13  -1.11491842e-13  -9.26780260e-14  -7.15821691e-14
   -4.87237217e-14  -2.46655345e-14  -2.89641108e-29   2.46655345e-14
    4.87237217e-14   7.15821691e-14   9.26780260e-14   1.11491842e-13
    1.27560359e-13   1.40487917e-13   1.49956196e-13   1.55732056e-13
    1.57673275e-13   1.55732056e-13]]
